
=====Input Data for Weight 0, 1, 2, 3, 4, 5, 6, 7, 8====
[-1.0 1.0 1.0 1.0 -1.0 1.0 -1.0 -1.0 -1.0 1.0 1.0 -1.0 -1.0 -1.0 1.0 1.0 -1.0 -1.0 -1.0 1.0 1.0 -1.0 -1.0 -1.0 1.0 1.0 -1.0 -1.0 -1.0 1.0 -1.0 1.0 1.0 1.0 -1.0 ]
[-1.0 -1.0 1.0 -1.0 -1.0 -1.0 1.0 1.0 -1.0 -1.0 -1.0 -1.0 1.0 -1.0 -1.0 -1.0 -1.0 1.0 -1.0 -1.0 -1.0 -1.0 1.0 -1.0 -1.0 -1.0 -1.0 1.0 -1.0 -1.0 -1.0 1.0 1.0 1.0 -1.0 ]
[-1.0 1.0 1.0 1.0 -1.0 1.0 -1.0 -1.0 -1.0 1.0 -1.0 -1.0 -1.0 -1.0 1.0 -1.0 -1.0 -1.0 1.0 -1.0 -1.0 -1.0 1.0 -1.0 -1.0 -1.0 -1.0 1.0 -1.0 -1.0 1.0 1.0 1.0 1.0 1.0 ]
[-1.0 1.0 1.0 1.0 -1.0 1.0 -1.0 -1.0 -1.0 1.0 -1.0 -1.0 -1.0 -1.0 1.0 -1.0 -1.0 1.0 1.0 -1.0 -1.0 -1.0 -1.0 -1.0 1.0 1.0 -1.0 -1.0 -1.0 1.0 -1.0 1.0 1.0 1.0 -1.0 ]
[-1.0 -1.0 -1.0 -1.0 1.0 -1.0 -1.0 -1.0 1.0 1.0 -1.0 -1.0 1.0 -1.0 1.0 -1.0 1.0 -1.0 -1.0 1.0 1.0 1.0 1.0 1.0 1.0 -1.0 -1.0 -1.0 -1.0 1.0 -1.0 -1.0 -1.0 -1.0 1.0 ]
[1.0 1.0 1.0 1.0 1.0 1.0 -1.0 -1.0 -1.0 -1.0 1.0 -1.0 -1.0 -1.0 -1.0 1.0 1.0 1.0 1.0 -1.0 -1.0 -1.0 -1.0 -1.0 1.0 -1.0 -1.0 -1.0 -1.0 1.0 1.0 1.0 1.0 1.0 -1.0 ]
[-1.0 1.0 1.0 1.0 1.0 1.0 -1.0 -1.0 -1.0 -1.0 1.0 -1.0 -1.0 -1.0 -1.0 1.0 1.0 1.0 1.0 -1.0 1.0 -1.0 -1.0 -1.0 1.0 1.0 -1.0 -1.0 -1.0 1.0 -1.0 1.0 1.0 1.0 -1.0 ]
[1.0 1.0 1.0 1.0 1.0 -1.0 -1.0 -1.0 -1.0 1.0 -1.0 -1.0 -1.0 1.0 -1.0 -1.0 -1.0 -1.0 1.0 -1.0 -1.0 -1.0 1.0 -1.0 -1.0 -1.0 -1.0 1.0 -1.0 -1.0 -1.0 1.0 -1.0 -1.0 -1.0 ]
[-1.0 1.0 1.0 1.0 -1.0 1.0 -1.0 -1.0 -1.0 1.0 1.0 -1.0 -1.0 -1.0 1.0 -1.0 1.0 1.0 1.0 -1.0 1.0 -1.0 -1.0 -1.0 1.0 1.0 -1.0 -1.0 -1.0 1.0 -1.0 1.0 1.0 1.0 -1.0 ]

Correctly Classified: 8
count: 1

=====Input Data for Weight 0, 1, 2, 3, 4, 5, 6, 7, 9====
[-1.0 1.0 1.0 1.0 -1.0 1.0 -1.0 -1.0 -1.0 1.0 1.0 -1.0 -1.0 -1.0 1.0 1.0 -1.0 -1.0 -1.0 1.0 1.0 -1.0 -1.0 -1.0 1.0 1.0 -1.0 -1.0 -1.0 1.0 -1.0 1.0 1.0 1.0 -1.0 ]
[-1.0 -1.0 1.0 -1.0 -1.0 -1.0 1.0 1.0 -1.0 -1.0 -1.0 -1.0 1.0 -1.0 -1.0 -1.0 -1.0 1.0 -1.0 -1.0 -1.0 -1.0 1.0 -1.0 -1.0 -1.0 -1.0 1.0 -1.0 -1.0 -1.0 1.0 1.0 1.0 -1.0 ]
[-1.0 1.0 1.0 1.0 -1.0 1.0 -1.0 -1.0 -1.0 1.0 -1.0 -1.0 -1.0 -1.0 1.0 -1.0 -1.0 -1.0 1.0 -1.0 -1.0 -1.0 1.0 -1.0 -1.0 -1.0 -1.0 1.0 -1.0 -1.0 1.0 1.0 1.0 1.0 1.0 ]
[-1.0 1.0 1.0 1.0 -1.0 1.0 -1.0 -1.0 -1.0 1.0 -1.0 -1.0 -1.0 -1.0 1.0 -1.0 -1.0 1.0 1.0 -1.0 -1.0 -1.0 -1.0 -1.0 1.0 1.0 -1.0 -1.0 -1.0 1.0 -1.0 1.0 1.0 1.0 -1.0 ]
[-1.0 -1.0 -1.0 -1.0 1.0 -1.0 -1.0 -1.0 1.0 1.0 -1.0 -1.0 1.0 -1.0 1.0 -1.0 1.0 -1.0 -1.0 1.0 1.0 1.0 1.0 1.0 1.0 -1.0 -1.0 -1.0 -1.0 1.0 -1.0 -1.0 -1.0 -1.0 1.0 ]
[1.0 1.0 1.0 1.0 1.0 1.0 -1.0 -1.0 -1.0 -1.0 1.0 -1.0 -1.0 -1.0 -1.0 1.0 1.0 1.0 1.0 -1.0 -1.0 -1.0 -1.0 -1.0 1.0 -1.0 -1.0 -1.0 -1.0 1.0 1.0 1.0 1.0 1.0 -1.0 ]
[-1.0 1.0 1.0 1.0 1.0 1.0 -1.0 -1.0 -1.0 -1.0 1.0 -1.0 -1.0 -1.0 -1.0 1.0 1.0 1.0 1.0 -1.0 1.0 -1.0 -1.0 -1.0 1.0 1.0 -1.0 -1.0 -1.0 1.0 -1.0 1.0 1.0 1.0 -1.0 ]
[1.0 1.0 1.0 1.0 1.0 -1.0 -1.0 -1.0 -1.0 1.0 -1.0 -1.0 -1.0 1.0 -1.0 -1.0 -1.0 -1.0 1.0 -1.0 -1.0 -1.0 1.0 -1.0 -1.0 -1.0 -1.0 1.0 -1.0 -1.0 -1.0 1.0 -1.0 -1.0 -1.0 ]
[-1.0 1.0 1.0 1.0 -1.0 1.0 -1.0 -1.0 -1.0 1.0 1.0 -1.0 -1.0 -1.0 1.0 -1.0 1.0 1.0 1.0 -1.0 -1.0 -1.0 -1.0 -1.0 1.0 -1.0 -1.0 -1.0 -1.0 1.0 1.0 1.0 1.0 1.0 -1.0 ]

Correctly Classified: 9
count: 1

=====Input Data for Weight 0, 1, 2, 3, 4, 5, 6, 8, 9====
[-1.0 1.0 1.0 1.0 -1.0 1.0 -1.0 -1.0 -1.0 1.0 1.0 -1.0 -1.0 -1.0 1.0 1.0 -1.0 -1.0 -1.0 1.0 1.0 -1.0 -1.0 -1.0 1.0 1.0 -1.0 -1.0 -1.0 1.0 -1.0 1.0 1.0 1.0 -1.0 ]
[-1.0 -1.0 1.0 -1.0 -1.0 -1.0 1.0 1.0 -1.0 -1.0 -1.0 -1.0 1.0 -1.0 -1.0 -1.0 -1.0 1.0 -1.0 -1.0 -1.0 -1.0 1.0 -1.0 -1.0 -1.0 -1.0 1.0 -1.0 -1.0 -1.0 1.0 1.0 1.0 -1.0 ]
[-1.0 1.0 1.0 1.0 -1.0 1.0 -1.0 -1.0 -1.0 1.0 -1.0 -1.0 -1.0 -1.0 1.0 -1.0 -1.0 -1.0 1.0 -1.0 -1.0 -1.0 1.0 -1.0 -1.0 -1.0 -1.0 1.0 -1.0 -1.0 1.0 1.0 1.0 1.0 1.0 ]
[-1.0 1.0 1.0 1.0 -1.0 1.0 -1.0 -1.0 -1.0 1.0 -1.0 -1.0 -1.0 -1.0 1.0 -1.0 -1.0 1.0 1.0 -1.0 -1.0 -1.0 -1.0 -1.0 1.0 1.0 -1.0 -1.0 -1.0 1.0 -1.0 1.0 1.0 1.0 -1.0 ]
[-1.0 -1.0 -1.0 -1.0 1.0 -1.0 -1.0 -1.0 1.0 1.0 -1.0 -1.0 1.0 -1.0 1.0 -1.0 1.0 -1.0 -1.0 1.0 1.0 1.0 1.0 1.0 1.0 -1.0 -1.0 -1.0 -1.0 1.0 -1.0 -1.0 -1.0 -1.0 1.0 ]
[1.0 1.0 1.0 1.0 1.0 1.0 -1.0 -1.0 -1.0 -1.0 1.0 -1.0 -1.0 -1.0 -1.0 1.0 1.0 1.0 1.0 -1.0 -1.0 -1.0 -1.0 -1.0 1.0 -1.0 -1.0 -1.0 -1.0 1.0 1.0 1.0 1.0 1.0 -1.0 ]
[-1.0 1.0 1.0 1.0 1.0 1.0 -1.0 -1.0 -1.0 -1.0 1.0 -1.0 -1.0 -1.0 -1.0 1.0 1.0 1.0 1.0 -1.0 1.0 -1.0 -1.0 -1.0 1.0 1.0 -1.0 -1.0 -1.0 1.0 -1.0 1.0 1.0 1.0 -1.0 ]
[-1.0 1.0 1.0 1.0 -1.0 1.0 -1.0 -1.0 -1.0 1.0 1.0 -1.0 -1.0 -1.0 1.0 -1.0 1.0 1.0 1.0 -1.0 1.0 -1.0 -1.0 -1.0 1.0 1.0 -1.0 -1.0 -1.0 1.0 -1.0 1.0 1.0 1.0 -1.0 ]
[-1.0 1.0 1.0 1.0 -1.0 1.0 -1.0 -1.0 -1.0 1.0 1.0 -1.0 -1.0 -1.0 1.0 -1.0 1.0 1.0 1.0 -1.0 -1.0 -1.0 -1.0 -1.0 1.0 -1.0 -1.0 -1.0 -1.0 1.0 1.0 1.0 1.0 1.0 -1.0 ]

Correctly Classified: 1
count: 1

=====Input Data for Weight 0, 1, 2, 3, 4, 5, 7, 8, 9====
[-1.0 1.0 1.0 1.0 -1.0 1.0 -1.0 -1.0 -1.0 1.0 1.0 -1.0 -1.0 -1.0 1.0 1.0 -1.0 -1.0 -1.0 1.0 1.0 -1.0 -1.0 -1.0 1.0 1.0 -1.0 -1.0 -1.0 1.0 -1.0 1.0 1.0 1.0 -1.0 ]
[-1.0 -1.0 1.0 -1.0 -1.0 -1.0 1.0 1.0 -1.0 -1.0 -1.0 -1.0 1.0 -1.0 -1.0 -1.0 -1.0 1.0 -1.0 -1.0 -1.0 -1.0 1.0 -1.0 -1.0 -1.0 -1.0 1.0 -1.0 -1.0 -1.0 1.0 1.0 1.0 -1.0 ]
[-1.0 1.0 1.0 1.0 -1.0 1.0 -1.0 -1.0 -1.0 1.0 -1.0 -1.0 -1.0 -1.0 1.0 -1.0 -1.0 -1.0 1.0 -1.0 -1.0 -1.0 1.0 -1.0 -1.0 -1.0 -1.0 1.0 -1.0 -1.0 1.0 1.0 1.0 1.0 1.0 ]
[-1.0 1.0 1.0 1.0 -1.0 1.0 -1.0 -1.0 -1.0 1.0 -1.0 -1.0 -1.0 -1.0 1.0 -1.0 -1.0 1.0 1.0 -1.0 -1.0 -1.0 -1.0 -1.0 1.0 1.0 -1.0 -1.0 -1.0 1.0 -1.0 1.0 1.0 1.0 -1.0 ]
[-1.0 -1.0 -1.0 -1.0 1.0 -1.0 -1.0 -1.0 1.0 1.0 -1.0 -1.0 1.0 -1.0 1.0 -1.0 1.0 -1.0 -1.0 1.0 1.0 1.0 1.0 1.0 1.0 -1.0 -1.0 -1.0 -1.0 1.0 -1.0 -1.0 -1.0 -1.0 1.0 ]
[1.0 1.0 1.0 1.0 1.0 1.0 -1.0 -1.0 -1.0 -1.0 1.0 -1.0 -1.0 -1.0 -1.0 1.0 1.0 1.0 1.0 -1.0 -1.0 -1.0 -1.0 -1.0 1.0 -1.0 -1.0 -1.0 -1.0 1.0 1.0 1.0 1.0 1.0 -1.0 ]
[1.0 1.0 1.0 1.0 1.0 -1.0 -1.0 -1.0 -1.0 1.0 -1.0 -1.0 -1.0 1.0 -1.0 -1.0 -1.0 -1.0 1.0 -1.0 -1.0 -1.0 1.0 -1.0 -1.0 -1.0 -1.0 1.0 -1.0 -1.0 -1.0 1.0 -1.0 -1.0 -1.0 ]
[-1.0 1.0 1.0 1.0 -1.0 1.0 -1.0 -1.0 -1.0 1.0 1.0 -1.0 -1.0 -1.0 1.0 -1.0 1.0 1.0 1.0 -1.0 1.0 -1.0 -1.0 -1.0 1.0 1.0 -1.0 -1.0 -1.0 1.0 -1.0 1.0 1.0 1.0 -1.0 ]
[-1.0 1.0 1.0 1.0 -1.0 1.0 -1.0 -1.0 -1.0 1.0 1.0 -1.0 -1.0 -1.0 1.0 -1.0 1.0 1.0 1.0 -1.0 -1.0 -1.0 -1.0 -1.0 1.0 -1.0 -1.0 -1.0 -1.0 1.0 1.0 1.0 1.0 1.0 -1.0 ]

Correctly Classified: 9
count: 1

=====Input Data for Weight 0, 1, 2, 3, 4, 6, 7, 8, 9====
[-1.0 1.0 1.0 1.0 -1.0 1.0 -1.0 -1.0 -1.0 1.0 1.0 -1.0 -1.0 -1.0 1.0 1.0 -1.0 -1.0 -1.0 1.0 1.0 -1.0 -1.0 -1.0 1.0 1.0 -1.0 -1.0 -1.0 1.0 -1.0 1.0 1.0 1.0 -1.0 ]
[-1.0 -1.0 1.0 -1.0 -1.0 -1.0 1.0 1.0 -1.0 -1.0 -1.0 -1.0 1.0 -1.0 -1.0 -1.0 -1.0 1.0 -1.0 -1.0 -1.0 -1.0 1.0 -1.0 -1.0 -1.0 -1.0 1.0 -1.0 -1.0 -1.0 1.0 1.0 1.0 -1.0 ]
[-1.0 1.0 1.0 1.0 -1.0 1.0 -1.0 -1.0 -1.0 1.0 -1.0 -1.0 -1.0 -1.0 1.0 -1.0 -1.0 -1.0 1.0 -1.0 -1.0 -1.0 1.0 -1.0 -1.0 -1.0 -1.0 1.0 -1.0 -1.0 1.0 1.0 1.0 1.0 1.0 ]
[-1.0 1.0 1.0 1.0 -1.0 1.0 -1.0 -1.0 -1.0 1.0 -1.0 -1.0 -1.0 -1.0 1.0 -1.0 -1.0 1.0 1.0 -1.0 -1.0 -1.0 -1.0 -1.0 1.0 1.0 -1.0 -1.0 -1.0 1.0 -1.0 1.0 1.0 1.0 -1.0 ]
[-1.0 -1.0 -1.0 -1.0 1.0 -1.0 -1.0 -1.0 1.0 1.0 -1.0 -1.0 1.0 -1.0 1.0 -1.0 1.0 -1.0 -1.0 1.0 1.0 1.0 1.0 1.0 1.0 -1.0 -1.0 -1.0 -1.0 1.0 -1.0 -1.0 -1.0 -1.0 1.0 ]
[-1.0 1.0 1.0 1.0 1.0 1.0 -1.0 -1.0 -1.0 -1.0 1.0 -1.0 -1.0 -1.0 -1.0 1.0 1.0 1.0 1.0 -1.0 1.0 -1.0 -1.0 -1.0 1.0 1.0 -1.0 -1.0 -1.0 1.0 -1.0 1.0 1.0 1.0 -1.0 ]
[1.0 1.0 1.0 1.0 1.0 -1.0 -1.0 -1.0 -1.0 1.0 -1.0 -1.0 -1.0 1.0 -1.0 -1.0 -1.0 -1.0 1.0 -1.0 -1.0 -1.0 1.0 -1.0 -1.0 -1.0 -1.0 1.0 -1.0 -1.0 -1.0 1.0 -1.0 -1.0 -1.0 ]
[-1.0 1.0 1.0 1.0 -1.0 1.0 -1.0 -1.0 -1.0 1.0 1.0 -1.0 -1.0 -1.0 1.0 -1.0 1.0 1.0 1.0 -1.0 1.0 -1.0 -1.0 -1.0 1.0 1.0 -1.0 -1.0 -1.0 1.0 -1.0 1.0 1.0 1.0 -1.0 ]
[-1.0 1.0 1.0 1.0 -1.0 1.0 -1.0 -1.0 -1.0 1.0 1.0 -1.0 -1.0 -1.0 1.0 -1.0 1.0 1.0 1.0 -1.0 -1.0 -1.0 -1.0 -1.0 1.0 -1.0 -1.0 -1.0 -1.0 1.0 1.0 1.0 1.0 1.0 -1.0 ]

Correctly Classified: 4

Correctly Classified: 8
count: 2

=====Input Data for Weight 0, 1, 2, 3, 5, 6, 7, 8, 9====
[-1.0 1.0 1.0 1.0 -1.0 1.0 -1.0 -1.0 -1.0 1.0 1.0 -1.0 -1.0 -1.0 1.0 1.0 -1.0 -1.0 -1.0 1.0 1.0 -1.0 -1.0 -1.0 1.0 1.0 -1.0 -1.0 -1.0 1.0 -1.0 1.0 1.0 1.0 -1.0 ]
[-1.0 -1.0 1.0 -1.0 -1.0 -1.0 1.0 1.0 -1.0 -1.0 -1.0 -1.0 1.0 -1.0 -1.0 -1.0 -1.0 1.0 -1.0 -1.0 -1.0 -1.0 1.0 -1.0 -1.0 -1.0 -1.0 1.0 -1.0 -1.0 -1.0 1.0 1.0 1.0 -1.0 ]
[-1.0 1.0 1.0 1.0 -1.0 1.0 -1.0 -1.0 -1.0 1.0 -1.0 -1.0 -1.0 -1.0 1.0 -1.0 -1.0 -1.0 1.0 -1.0 -1.0 -1.0 1.0 -1.0 -1.0 -1.0 -1.0 1.0 -1.0 -1.0 1.0 1.0 1.0 1.0 1.0 ]
[-1.0 1.0 1.0 1.0 -1.0 1.0 -1.0 -1.0 -1.0 1.0 -1.0 -1.0 -1.0 -1.0 1.0 -1.0 -1.0 1.0 1.0 -1.0 -1.0 -1.0 -1.0 -1.0 1.0 1.0 -1.0 -1.0 -1.0 1.0 -1.0 1.0 1.0 1.0 -1.0 ]
[1.0 1.0 1.0 1.0 1.0 1.0 -1.0 -1.0 -1.0 -1.0 1.0 -1.0 -1.0 -1.0 -1.0 1.0 1.0 1.0 1.0 -1.0 -1.0 -1.0 -1.0 -1.0 1.0 -1.0 -1.0 -1.0 -1.0 1.0 1.0 1.0 1.0 1.0 -1.0 ]
[-1.0 1.0 1.0 1.0 1.0 1.0 -1.0 -1.0 -1.0 -1.0 1.0 -1.0 -1.0 -1.0 -1.0 1.0 1.0 1.0 1.0 -1.0 1.0 -1.0 -1.0 -1.0 1.0 1.0 -1.0 -1.0 -1.0 1.0 -1.0 1.0 1.0 1.0 -1.0 ]
[1.0 1.0 1.0 1.0 1.0 -1.0 -1.0 -1.0 -1.0 1.0 -1.0 -1.0 -1.0 1.0 -1.0 -1.0 -1.0 -1.0 1.0 -1.0 -1.0 -1.0 1.0 -1.0 -1.0 -1.0 -1.0 1.0 -1.0 -1.0 -1.0 1.0 -1.0 -1.0 -1.0 ]
[-1.0 1.0 1.0 1.0 -1.0 1.0 -1.0 -1.0 -1.0 1.0 1.0 -1.0 -1.0 -1.0 1.0 -1.0 1.0 1.0 1.0 -1.0 1.0 -1.0 -1.0 -1.0 1.0 1.0 -1.0 -1.0 -1.0 1.0 -1.0 1.0 1.0 1.0 -1.0 ]
[-1.0 1.0 1.0 1.0 -1.0 1.0 -1.0 -1.0 -1.0 1.0 1.0 -1.0 -1.0 -1.0 1.0 -1.0 1.0 1.0 1.0 -1.0 -1.0 -1.0 -1.0 -1.0 1.0 -1.0 -1.0 -1.0 -1.0 1.0 1.0 1.0 1.0 1.0 -1.0 ]

Correctly Classified: 1
count: 1

=====Input Data for Weight 0, 1, 2, 4, 5, 6, 7, 8, 9====
[-1.0 1.0 1.0 1.0 -1.0 1.0 -1.0 -1.0 -1.0 1.0 1.0 -1.0 -1.0 -1.0 1.0 1.0 -1.0 -1.0 -1.0 1.0 1.0 -1.0 -1.0 -1.0 1.0 1.0 -1.0 -1.0 -1.0 1.0 -1.0 1.0 1.0 1.0 -1.0 ]
[-1.0 -1.0 1.0 -1.0 -1.0 -1.0 1.0 1.0 -1.0 -1.0 -1.0 -1.0 1.0 -1.0 -1.0 -1.0 -1.0 1.0 -1.0 -1.0 -1.0 -1.0 1.0 -1.0 -1.0 -1.0 -1.0 1.0 -1.0 -1.0 -1.0 1.0 1.0 1.0 -1.0 ]
[-1.0 1.0 1.0 1.0 -1.0 1.0 -1.0 -1.0 -1.0 1.0 -1.0 -1.0 -1.0 -1.0 1.0 -1.0 -1.0 -1.0 1.0 -1.0 -1.0 -1.0 1.0 -1.0 -1.0 -1.0 -1.0 1.0 -1.0 -1.0 1.0 1.0 1.0 1.0 1.0 ]
[-1.0 -1.0 -1.0 -1.0 1.0 -1.0 -1.0 -1.0 1.0 1.0 -1.0 -1.0 1.0 -1.0 1.0 -1.0 1.0 -1.0 -1.0 1.0 1.0 1.0 1.0 1.0 1.0 -1.0 -1.0 -1.0 -1.0 1.0 -1.0 -1.0 -1.0 -1.0 1.0 ]
[1.0 1.0 1.0 1.0 1.0 1.0 -1.0 -1.0 -1.0 -1.0 1.0 -1.0 -1.0 -1.0 -1.0 1.0 1.0 1.0 1.0 -1.0 -1.0 -1.0 -1.0 -1.0 1.0 -1.0 -1.0 -1.0 -1.0 1.0 1.0 1.0 1.0 1.0 -1.0 ]
[-1.0 1.0 1.0 1.0 1.0 1.0 -1.0 -1.0 -1.0 -1.0 1.0 -1.0 -1.0 -1.0 -1.0 1.0 1.0 1.0 1.0 -1.0 1.0 -1.0 -1.0 -1.0 1.0 1.0 -1.0 -1.0 -1.0 1.0 -1.0 1.0 1.0 1.0 -1.0 ]
[1.0 1.0 1.0 1.0 1.0 -1.0 -1.0 -1.0 -1.0 1.0 -1.0 -1.0 -1.0 1.0 -1.0 -1.0 -1.0 -1.0 1.0 -1.0 -1.0 -1.0 1.0 -1.0 -1.0 -1.0 -1.0 1.0 -1.0 -1.0 -1.0 1.0 -1.0 -1.0 -1.0 ]
[-1.0 1.0 1.0 1.0 -1.0 1.0 -1.0 -1.0 -1.0 1.0 1.0 -1.0 -1.0 -1.0 1.0 -1.0 1.0 1.0 1.0 -1.0 1.0 -1.0 -1.0 -1.0 1.0 1.0 -1.0 -1.0 -1.0 1.0 -1.0 1.0 1.0 1.0 -1.0 ]
[-1.0 1.0 1.0 1.0 -1.0 1.0 -1.0 -1.0 -1.0 1.0 1.0 -1.0 -1.0 -1.0 1.0 -1.0 1.0 1.0 1.0 -1.0 -1.0 -1.0 -1.0 -1.0 1.0 -1.0 -1.0 -1.0 -1.0 1.0 1.0 1.0 1.0 1.0 -1.0 ]

Correctly Classified: 1

Correctly Classified: 8

Correctly Classified: 9
count: 3

=====Input Data for Weight 0, 1, 3, 4, 5, 6, 7, 8, 9====
[-1.0 1.0 1.0 1.0 -1.0 1.0 -1.0 -1.0 -1.0 1.0 1.0 -1.0 -1.0 -1.0 1.0 1.0 -1.0 -1.0 -1.0 1.0 1.0 -1.0 -1.0 -1.0 1.0 1.0 -1.0 -1.0 -1.0 1.0 -1.0 1.0 1.0 1.0 -1.0 ]
[-1.0 -1.0 1.0 -1.0 -1.0 -1.0 1.0 1.0 -1.0 -1.0 -1.0 -1.0 1.0 -1.0 -1.0 -1.0 -1.0 1.0 -1.0 -1.0 -1.0 -1.0 1.0 -1.0 -1.0 -1.0 -1.0 1.0 -1.0 -1.0 -1.0 1.0 1.0 1.0 -1.0 ]
[-1.0 1.0 1.0 1.0 -1.0 1.0 -1.0 -1.0 -1.0 1.0 -1.0 -1.0 -1.0 -1.0 1.0 -1.0 -1.0 1.0 1.0 -1.0 -1.0 -1.0 -1.0 -1.0 1.0 1.0 -1.0 -1.0 -1.0 1.0 -1.0 1.0 1.0 1.0 -1.0 ]
[-1.0 -1.0 -1.0 -1.0 1.0 -1.0 -1.0 -1.0 1.0 1.0 -1.0 -1.0 1.0 -1.0 1.0 -1.0 1.0 -1.0 -1.0 1.0 1.0 1.0 1.0 1.0 1.0 -1.0 -1.0 -1.0 -1.0 1.0 -1.0 -1.0 -1.0 -1.0 1.0 ]
[1.0 1.0 1.0 1.0 1.0 1.0 -1.0 -1.0 -1.0 -1.0 1.0 -1.0 -1.0 -1.0 -1.0 1.0 1.0 1.0 1.0 -1.0 -1.0 -1.0 -1.0 -1.0 1.0 -1.0 -1.0 -1.0 -1.0 1.0 1.0 1.0 1.0 1.0 -1.0 ]
[-1.0 1.0 1.0 1.0 1.0 1.0 -1.0 -1.0 -1.0 -1.0 1.0 -1.0 -1.0 -1.0 -1.0 1.0 1.0 1.0 1.0 -1.0 1.0 -1.0 -1.0 -1.0 1.0 1.0 -1.0 -1.0 -1.0 1.0 -1.0 1.0 1.0 1.0 -1.0 ]
[1.0 1.0 1.0 1.0 1.0 -1.0 -1.0 -1.0 -1.0 1.0 -1.0 -1.0 -1.0 1.0 -1.0 -1.0 -1.0 -1.0 1.0 -1.0 -1.0 -1.0 1.0 -1.0 -1.0 -1.0 -1.0 1.0 -1.0 -1.0 -1.0 1.0 -1.0 -1.0 -1.0 ]
[-1.0 1.0 1.0 1.0 -1.0 1.0 -1.0 -1.0 -1.0 1.0 1.0 -1.0 -1.0 -1.0 1.0 -1.0 1.0 1.0 1.0 -1.0 1.0 -1.0 -1.0 -1.0 1.0 1.0 -1.0 -1.0 -1.0 1.0 -1.0 1.0 1.0 1.0 -1.0 ]
[-1.0 1.0 1.0 1.0 -1.0 1.0 -1.0 -1.0 -1.0 1.0 1.0 -1.0 -1.0 -1.0 1.0 -1.0 1.0 1.0 1.0 -1.0 -1.0 -1.0 -1.0 -1.0 1.0 -1.0 -1.0 -1.0 -1.0 1.0 1.0 1.0 1.0 1.0 -1.0 ]

Correctly Classified: 1

Correctly Classified: 8
count: 2

=====Input Data for Weight 0, 2, 3, 4, 5, 6, 7, 8, 9====
[-1.0 1.0 1.0 1.0 -1.0 1.0 -1.0 -1.0 -1.0 1.0 1.0 -1.0 -1.0 -1.0 1.0 1.0 -1.0 -1.0 -1.0 1.0 1.0 -1.0 -1.0 -1.0 1.0 1.0 -1.0 -1.0 -1.0 1.0 -1.0 1.0 1.0 1.0 -1.0 ]
[-1.0 1.0 1.0 1.0 -1.0 1.0 -1.0 -1.0 -1.0 1.0 -1.0 -1.0 -1.0 -1.0 1.0 -1.0 -1.0 -1.0 1.0 -1.0 -1.0 -1.0 1.0 -1.0 -1.0 -1.0 -1.0 1.0 -1.0 -1.0 1.0 1.0 1.0 1.0 1.0 ]
[-1.0 1.0 1.0 1.0 -1.0 1.0 -1.0 -1.0 -1.0 1.0 -1.0 -1.0 -1.0 -1.0 1.0 -1.0 -1.0 1.0 1.0 -1.0 -1.0 -1.0 -1.0 -1.0 1.0 1.0 -1.0 -1.0 -1.0 1.0 -1.0 1.0 1.0 1.0 -1.0 ]
[-1.0 -1.0 -1.0 -1.0 1.0 -1.0 -1.0 -1.0 1.0 1.0 -1.0 -1.0 1.0 -1.0 1.0 -1.0 1.0 -1.0 -1.0 1.0 1.0 1.0 1.0 1.0 1.0 -1.0 -1.0 -1.0 -1.0 1.0 -1.0 -1.0 -1.0 -1.0 1.0 ]
[1.0 1.0 1.0 1.0 1.0 1.0 -1.0 -1.0 -1.0 -1.0 1.0 -1.0 -1.0 -1.0 -1.0 1.0 1.0 1.0 1.0 -1.0 -1.0 -1.0 -1.0 -1.0 1.0 -1.0 -1.0 -1.0 -1.0 1.0 1.0 1.0 1.0 1.0 -1.0 ]
[-1.0 1.0 1.0 1.0 1.0 1.0 -1.0 -1.0 -1.0 -1.0 1.0 -1.0 -1.0 -1.0 -1.0 1.0 1.0 1.0 1.0 -1.0 1.0 -1.0 -1.0 -1.0 1.0 1.0 -1.0 -1.0 -1.0 1.0 -1.0 1.0 1.0 1.0 -1.0 ]
[1.0 1.0 1.0 1.0 1.0 -1.0 -1.0 -1.0 -1.0 1.0 -1.0 -1.0 -1.0 1.0 -1.0 -1.0 -1.0 -1.0 1.0 -1.0 -1.0 -1.0 1.0 -1.0 -1.0 -1.0 -1.0 1.0 -1.0 -1.0 -1.0 1.0 -1.0 -1.0 -1.0 ]
[-1.0 1.0 1.0 1.0 -1.0 1.0 -1.0 -1.0 -1.0 1.0 1.0 -1.0 -1.0 -1.0 1.0 -1.0 1.0 1.0 1.0 -1.0 1.0 -1.0 -1.0 -1.0 1.0 1.0 -1.0 -1.0 -1.0 1.0 -1.0 1.0 1.0 1.0 -1.0 ]
[-1.0 1.0 1.0 1.0 -1.0 1.0 -1.0 -1.0 -1.0 1.0 1.0 -1.0 -1.0 -1.0 1.0 -1.0 1.0 1.0 1.0 -1.0 -1.0 -1.0 -1.0 -1.0 1.0 -1.0 -1.0 -1.0 -1.0 1.0 1.0 1.0 1.0 1.0 -1.0 ]
count: 0

=====Input Data for Weight 1, 2, 3, 4, 5, 6, 7, 8, 9====
[-1.0 -1.0 1.0 -1.0 -1.0 -1.0 1.0 1.0 -1.0 -1.0 -1.0 -1.0 1.0 -1.0 -1.0 -1.0 -1.0 1.0 -1.0 -1.0 -1.0 -1.0 1.0 -1.0 -1.0 -1.0 -1.0 1.0 -1.0 -1.0 -1.0 1.0 1.0 1.0 -1.0 ]
[-1.0 1.0 1.0 1.0 -1.0 1.0 -1.0 -1.0 -1.0 1.0 -1.0 -1.0 -1.0 -1.0 1.0 -1.0 -1.0 -1.0 1.0 -1.0 -1.0 -1.0 1.0 -1.0 -1.0 -1.0 -1.0 1.0 -1.0 -1.0 1.0 1.0 1.0 1.0 1.0 ]
[-1.0 1.0 1.0 1.0 -1.0 1.0 -1.0 -1.0 -1.0 1.0 -1.0 -1.0 -1.0 -1.0 1.0 -1.0 -1.0 1.0 1.0 -1.0 -1.0 -1.0 -1.0 -1.0 1.0 1.0 -1.0 -1.0 -1.0 1.0 -1.0 1.0 1.0 1.0 -1.0 ]
[-1.0 -1.0 -1.0 -1.0 1.0 -1.0 -1.0 -1.0 1.0 1.0 -1.0 -1.0 1.0 -1.0 1.0 -1.0 1.0 -1.0 -1.0 1.0 1.0 1.0 1.0 1.0 1.0 -1.0 -1.0 -1.0 -1.0 1.0 -1.0 -1.0 -1.0 -1.0 1.0 ]
[1.0 1.0 1.0 1.0 1.0 1.0 -1.0 -1.0 -1.0 -1.0 1.0 -1.0 -1.0 -1.0 -1.0 1.0 1.0 1.0 1.0 -1.0 -1.0 -1.0 -1.0 -1.0 1.0 -1.0 -1.0 -1.0 -1.0 1.0 1.0 1.0 1.0 1.0 -1.0 ]
[-1.0 1.0 1.0 1.0 1.0 1.0 -1.0 -1.0 -1.0 -1.0 1.0 -1.0 -1.0 -1.0 -1.0 1.0 1.0 1.0 1.0 -1.0 1.0 -1.0 -1.0 -1.0 1.0 1.0 -1.0 -1.0 -1.0 1.0 -1.0 1.0 1.0 1.0 -1.0 ]
[1.0 1.0 1.0 1.0 1.0 -1.0 -1.0 -1.0 -1.0 1.0 -1.0 -1.0 -1.0 1.0 -1.0 -1.0 -1.0 -1.0 1.0 -1.0 -1.0 -1.0 1.0 -1.0 -1.0 -1.0 -1.0 1.0 -1.0 -1.0 -1.0 1.0 -1.0 -1.0 -1.0 ]
[-1.0 1.0 1.0 1.0 -1.0 1.0 -1.0 -1.0 -1.0 1.0 1.0 -1.0 -1.0 -1.0 1.0 -1.0 1.0 1.0 1.0 -1.0 1.0 -1.0 -1.0 -1.0 1.0 1.0 -1.0 -1.0 -1.0 1.0 -1.0 1.0 1.0 1.0 -1.0 ]
[-1.0 1.0 1.0 1.0 -1.0 1.0 -1.0 -1.0 -1.0 1.0 1.0 -1.0 -1.0 -1.0 1.0 -1.0 1.0 1.0 1.0 -1.0 -1.0 -1.0 -1.0 -1.0 1.0 -1.0 -1.0 -1.0 -1.0 1.0 1.0 1.0 1.0 1.0 -1.0 ]
count: 0
