
=========Input Data for Weight 0, 1========
[-1.0 1.0 1.0 1.0 -1.0 1.0 -1.0 -1.0 -1.0 1.0 1.0 -1.0 -1.0 -1.0 1.0 1.0 -1.0 -1.0 -1.0 1.0 1.0 -1.0 -1.0 -1.0 1.0 1.0 -1.0 -1.0 -1.0 1.0 -1.0 1.0 1.0 1.0 -1.0 ]
[-1.0 -1.0 1.0 -1.0 -1.0 -1.0 1.0 1.0 -1.0 -1.0 -1.0 -1.0 1.0 -1.0 -1.0 -1.0 -1.0 1.0 -1.0 -1.0 -1.0 -1.0 1.0 -1.0 -1.0 -1.0 -1.0 1.0 -1.0 -1.0 -1.0 1.0 1.0 1.0 -1.0 ]

Correctly Classified: 0

Correctly Classified: 1

=========Input Data for Weight 0, 2========
[-1.0 1.0 1.0 1.0 -1.0 1.0 -1.0 -1.0 -1.0 1.0 1.0 -1.0 -1.0 -1.0 1.0 1.0 -1.0 -1.0 -1.0 1.0 1.0 -1.0 -1.0 -1.0 1.0 1.0 -1.0 -1.0 -1.0 1.0 -1.0 1.0 1.0 1.0 -1.0 ]
[-1.0 1.0 1.0 1.0 -1.0 1.0 -1.0 -1.0 -1.0 1.0 -1.0 -1.0 -1.0 -1.0 1.0 -1.0 -1.0 -1.0 1.0 -1.0 -1.0 -1.0 1.0 -1.0 -1.0 -1.0 -1.0 1.0 -1.0 -1.0 1.0 1.0 1.0 1.0 1.0 ]

Correctly Classified: 0

Correctly Classified: 2

=========Input Data for Weight 0, 3========
[-1.0 1.0 1.0 1.0 -1.0 1.0 -1.0 -1.0 -1.0 1.0 1.0 -1.0 -1.0 -1.0 1.0 1.0 -1.0 -1.0 -1.0 1.0 1.0 -1.0 -1.0 -1.0 1.0 1.0 -1.0 -1.0 -1.0 1.0 -1.0 1.0 1.0 1.0 -1.0 ]
[-1.0 1.0 1.0 1.0 -1.0 1.0 -1.0 -1.0 -1.0 1.0 -1.0 -1.0 -1.0 -1.0 1.0 -1.0 -1.0 1.0 1.0 -1.0 -1.0 -1.0 -1.0 -1.0 1.0 1.0 -1.0 -1.0 -1.0 1.0 -1.0 1.0 1.0 1.0 -1.0 ]

Correctly Classified: 0

Correctly Classified: 3

=========Input Data for Weight 0, 4========
[-1.0 1.0 1.0 1.0 -1.0 1.0 -1.0 -1.0 -1.0 1.0 1.0 -1.0 -1.0 -1.0 1.0 1.0 -1.0 -1.0 -1.0 1.0 1.0 -1.0 -1.0 -1.0 1.0 1.0 -1.0 -1.0 -1.0 1.0 -1.0 1.0 1.0 1.0 -1.0 ]
[-1.0 -1.0 -1.0 -1.0 1.0 -1.0 -1.0 -1.0 1.0 1.0 -1.0 -1.0 1.0 -1.0 1.0 -1.0 1.0 -1.0 -1.0 1.0 1.0 1.0 1.0 1.0 1.0 -1.0 -1.0 -1.0 -1.0 1.0 -1.0 -1.0 -1.0 -1.0 1.0 ]

Correctly Classified: 0

Correctly Classified: 4

=========Input Data for Weight 0, 5========
[-1.0 1.0 1.0 1.0 -1.0 1.0 -1.0 -1.0 -1.0 1.0 1.0 -1.0 -1.0 -1.0 1.0 1.0 -1.0 -1.0 -1.0 1.0 1.0 -1.0 -1.0 -1.0 1.0 1.0 -1.0 -1.0 -1.0 1.0 -1.0 1.0 1.0 1.0 -1.0 ]
[1.0 1.0 1.0 1.0 1.0 1.0 -1.0 -1.0 -1.0 -1.0 1.0 -1.0 -1.0 -1.0 -1.0 1.0 1.0 1.0 1.0 -1.0 -1.0 -1.0 -1.0 -1.0 1.0 -1.0 -1.0 -1.0 -1.0 1.0 1.0 1.0 1.0 1.0 -1.0 ]

Correctly Classified: 0

Correctly Classified: 5

=========Input Data for Weight 0, 6========
[-1.0 1.0 1.0 1.0 -1.0 1.0 -1.0 -1.0 -1.0 1.0 1.0 -1.0 -1.0 -1.0 1.0 1.0 -1.0 -1.0 -1.0 1.0 1.0 -1.0 -1.0 -1.0 1.0 1.0 -1.0 -1.0 -1.0 1.0 -1.0 1.0 1.0 1.0 -1.0 ]
[-1.0 1.0 1.0 1.0 1.0 1.0 -1.0 -1.0 -1.0 -1.0 1.0 -1.0 -1.0 -1.0 -1.0 1.0 1.0 1.0 1.0 -1.0 1.0 -1.0 -1.0 -1.0 1.0 1.0 -1.0 -1.0 -1.0 1.0 -1.0 1.0 1.0 1.0 -1.0 ]

Correctly Classified: 0

Correctly Classified: 6

=========Input Data for Weight 0, 7========
[-1.0 1.0 1.0 1.0 -1.0 1.0 -1.0 -1.0 -1.0 1.0 1.0 -1.0 -1.0 -1.0 1.0 1.0 -1.0 -1.0 -1.0 1.0 1.0 -1.0 -1.0 -1.0 1.0 1.0 -1.0 -1.0 -1.0 1.0 -1.0 1.0 1.0 1.0 -1.0 ]
[1.0 1.0 1.0 1.0 1.0 -1.0 -1.0 -1.0 -1.0 1.0 -1.0 -1.0 -1.0 1.0 -1.0 -1.0 -1.0 -1.0 1.0 -1.0 -1.0 -1.0 1.0 -1.0 -1.0 -1.0 -1.0 1.0 -1.0 -1.0 -1.0 1.0 -1.0 -1.0 -1.0 ]

Correctly Classified: 0

Correctly Classified: 7

=========Input Data for Weight 0, 8========
[-1.0 1.0 1.0 1.0 -1.0 1.0 -1.0 -1.0 -1.0 1.0 1.0 -1.0 -1.0 -1.0 1.0 1.0 -1.0 -1.0 -1.0 1.0 1.0 -1.0 -1.0 -1.0 1.0 1.0 -1.0 -1.0 -1.0 1.0 -1.0 1.0 1.0 1.0 -1.0 ]
[-1.0 1.0 1.0 1.0 -1.0 1.0 -1.0 -1.0 -1.0 1.0 1.0 -1.0 -1.0 -1.0 1.0 -1.0 1.0 1.0 1.0 -1.0 1.0 -1.0 -1.0 -1.0 1.0 1.0 -1.0 -1.0 -1.0 1.0 -1.0 1.0 1.0 1.0 -1.0 ]

Correctly Classified: 0

Correctly Classified: 8

=========Input Data for Weight 0, 9========
[-1.0 1.0 1.0 1.0 -1.0 1.0 -1.0 -1.0 -1.0 1.0 1.0 -1.0 -1.0 -1.0 1.0 1.0 -1.0 -1.0 -1.0 1.0 1.0 -1.0 -1.0 -1.0 1.0 1.0 -1.0 -1.0 -1.0 1.0 -1.0 1.0 1.0 1.0 -1.0 ]
[-1.0 1.0 1.0 1.0 -1.0 1.0 -1.0 -1.0 -1.0 1.0 1.0 -1.0 -1.0 -1.0 1.0 -1.0 1.0 1.0 1.0 -1.0 -1.0 -1.0 -1.0 -1.0 1.0 -1.0 -1.0 -1.0 -1.0 1.0 1.0 1.0 1.0 1.0 -1.0 ]

Correctly Classified: 0

Correctly Classified: 9

=========Input Data for Weight 1, 2========
[-1.0 -1.0 1.0 -1.0 -1.0 -1.0 1.0 1.0 -1.0 -1.0 -1.0 -1.0 1.0 -1.0 -1.0 -1.0 -1.0 1.0 -1.0 -1.0 -1.0 -1.0 1.0 -1.0 -1.0 -1.0 -1.0 1.0 -1.0 -1.0 -1.0 1.0 1.0 1.0 -1.0 ]
[-1.0 1.0 1.0 1.0 -1.0 1.0 -1.0 -1.0 -1.0 1.0 -1.0 -1.0 -1.0 -1.0 1.0 -1.0 -1.0 -1.0 1.0 -1.0 -1.0 -1.0 1.0 -1.0 -1.0 -1.0 -1.0 1.0 -1.0 -1.0 1.0 1.0 1.0 1.0 1.0 ]

Correctly Classified: 1

Correctly Classified: 2

=========Input Data for Weight 1, 3========
[-1.0 -1.0 1.0 -1.0 -1.0 -1.0 1.0 1.0 -1.0 -1.0 -1.0 -1.0 1.0 -1.0 -1.0 -1.0 -1.0 1.0 -1.0 -1.0 -1.0 -1.0 1.0 -1.0 -1.0 -1.0 -1.0 1.0 -1.0 -1.0 -1.0 1.0 1.0 1.0 -1.0 ]
[-1.0 1.0 1.0 1.0 -1.0 1.0 -1.0 -1.0 -1.0 1.0 -1.0 -1.0 -1.0 -1.0 1.0 -1.0 -1.0 1.0 1.0 -1.0 -1.0 -1.0 -1.0 -1.0 1.0 1.0 -1.0 -1.0 -1.0 1.0 -1.0 1.0 1.0 1.0 -1.0 ]

Correctly Classified: 1

Correctly Classified: 3

=========Input Data for Weight 1, 4========
[-1.0 -1.0 1.0 -1.0 -1.0 -1.0 1.0 1.0 -1.0 -1.0 -1.0 -1.0 1.0 -1.0 -1.0 -1.0 -1.0 1.0 -1.0 -1.0 -1.0 -1.0 1.0 -1.0 -1.0 -1.0 -1.0 1.0 -1.0 -1.0 -1.0 1.0 1.0 1.0 -1.0 ]
[-1.0 -1.0 -1.0 -1.0 1.0 -1.0 -1.0 -1.0 1.0 1.0 -1.0 -1.0 1.0 -1.0 1.0 -1.0 1.0 -1.0 -1.0 1.0 1.0 1.0 1.0 1.0 1.0 -1.0 -1.0 -1.0 -1.0 1.0 -1.0 -1.0 -1.0 -1.0 1.0 ]

Correctly Classified: 1

Correctly Classified: 4

=========Input Data for Weight 1, 5========
[-1.0 -1.0 1.0 -1.0 -1.0 -1.0 1.0 1.0 -1.0 -1.0 -1.0 -1.0 1.0 -1.0 -1.0 -1.0 -1.0 1.0 -1.0 -1.0 -1.0 -1.0 1.0 -1.0 -1.0 -1.0 -1.0 1.0 -1.0 -1.0 -1.0 1.0 1.0 1.0 -1.0 ]
[1.0 1.0 1.0 1.0 1.0 1.0 -1.0 -1.0 -1.0 -1.0 1.0 -1.0 -1.0 -1.0 -1.0 1.0 1.0 1.0 1.0 -1.0 -1.0 -1.0 -1.0 -1.0 1.0 -1.0 -1.0 -1.0 -1.0 1.0 1.0 1.0 1.0 1.0 -1.0 ]

Correctly Classified: 1

Correctly Classified: 5

=========Input Data for Weight 1, 6========
[-1.0 -1.0 1.0 -1.0 -1.0 -1.0 1.0 1.0 -1.0 -1.0 -1.0 -1.0 1.0 -1.0 -1.0 -1.0 -1.0 1.0 -1.0 -1.0 -1.0 -1.0 1.0 -1.0 -1.0 -1.0 -1.0 1.0 -1.0 -1.0 -1.0 1.0 1.0 1.0 -1.0 ]
[-1.0 1.0 1.0 1.0 1.0 1.0 -1.0 -1.0 -1.0 -1.0 1.0 -1.0 -1.0 -1.0 -1.0 1.0 1.0 1.0 1.0 -1.0 1.0 -1.0 -1.0 -1.0 1.0 1.0 -1.0 -1.0 -1.0 1.0 -1.0 1.0 1.0 1.0 -1.0 ]

Correctly Classified: 1

Correctly Classified: 6

=========Input Data for Weight 1, 7========
[-1.0 -1.0 1.0 -1.0 -1.0 -1.0 1.0 1.0 -1.0 -1.0 -1.0 -1.0 1.0 -1.0 -1.0 -1.0 -1.0 1.0 -1.0 -1.0 -1.0 -1.0 1.0 -1.0 -1.0 -1.0 -1.0 1.0 -1.0 -1.0 -1.0 1.0 1.0 1.0 -1.0 ]
[1.0 1.0 1.0 1.0 1.0 -1.0 -1.0 -1.0 -1.0 1.0 -1.0 -1.0 -1.0 1.0 -1.0 -1.0 -1.0 -1.0 1.0 -1.0 -1.0 -1.0 1.0 -1.0 -1.0 -1.0 -1.0 1.0 -1.0 -1.0 -1.0 1.0 -1.0 -1.0 -1.0 ]

Correctly Classified: 1

Correctly Classified: 7

=========Input Data for Weight 1, 8========
[-1.0 -1.0 1.0 -1.0 -1.0 -1.0 1.0 1.0 -1.0 -1.0 -1.0 -1.0 1.0 -1.0 -1.0 -1.0 -1.0 1.0 -1.0 -1.0 -1.0 -1.0 1.0 -1.0 -1.0 -1.0 -1.0 1.0 -1.0 -1.0 -1.0 1.0 1.0 1.0 -1.0 ]
[-1.0 1.0 1.0 1.0 -1.0 1.0 -1.0 -1.0 -1.0 1.0 1.0 -1.0 -1.0 -1.0 1.0 -1.0 1.0 1.0 1.0 -1.0 1.0 -1.0 -1.0 -1.0 1.0 1.0 -1.0 -1.0 -1.0 1.0 -1.0 1.0 1.0 1.0 -1.0 ]

Correctly Classified: 1

Correctly Classified: 8

=========Input Data for Weight 1, 9========
[-1.0 -1.0 1.0 -1.0 -1.0 -1.0 1.0 1.0 -1.0 -1.0 -1.0 -1.0 1.0 -1.0 -1.0 -1.0 -1.0 1.0 -1.0 -1.0 -1.0 -1.0 1.0 -1.0 -1.0 -1.0 -1.0 1.0 -1.0 -1.0 -1.0 1.0 1.0 1.0 -1.0 ]
[-1.0 1.0 1.0 1.0 -1.0 1.0 -1.0 -1.0 -1.0 1.0 1.0 -1.0 -1.0 -1.0 1.0 -1.0 1.0 1.0 1.0 -1.0 -1.0 -1.0 -1.0 -1.0 1.0 -1.0 -1.0 -1.0 -1.0 1.0 1.0 1.0 1.0 1.0 -1.0 ]

Correctly Classified: 1

Correctly Classified: 9

=========Input Data for Weight 2, 3========
[-1.0 1.0 1.0 1.0 -1.0 1.0 -1.0 -1.0 -1.0 1.0 -1.0 -1.0 -1.0 -1.0 1.0 -1.0 -1.0 -1.0 1.0 -1.0 -1.0 -1.0 1.0 -1.0 -1.0 -1.0 -1.0 1.0 -1.0 -1.0 1.0 1.0 1.0 1.0 1.0 ]
[-1.0 1.0 1.0 1.0 -1.0 1.0 -1.0 -1.0 -1.0 1.0 -1.0 -1.0 -1.0 -1.0 1.0 -1.0 -1.0 1.0 1.0 -1.0 -1.0 -1.0 -1.0 -1.0 1.0 1.0 -1.0 -1.0 -1.0 1.0 -1.0 1.0 1.0 1.0 -1.0 ]

Correctly Classified: 2

Correctly Classified: 3

=========Input Data for Weight 2, 4========
[-1.0 1.0 1.0 1.0 -1.0 1.0 -1.0 -1.0 -1.0 1.0 -1.0 -1.0 -1.0 -1.0 1.0 -1.0 -1.0 -1.0 1.0 -1.0 -1.0 -1.0 1.0 -1.0 -1.0 -1.0 -1.0 1.0 -1.0 -1.0 1.0 1.0 1.0 1.0 1.0 ]
[-1.0 -1.0 -1.0 -1.0 1.0 -1.0 -1.0 -1.0 1.0 1.0 -1.0 -1.0 1.0 -1.0 1.0 -1.0 1.0 -1.0 -1.0 1.0 1.0 1.0 1.0 1.0 1.0 -1.0 -1.0 -1.0 -1.0 1.0 -1.0 -1.0 -1.0 -1.0 1.0 ]

Correctly Classified: 2

Correctly Classified: 4

=========Input Data for Weight 2, 5========
[-1.0 1.0 1.0 1.0 -1.0 1.0 -1.0 -1.0 -1.0 1.0 -1.0 -1.0 -1.0 -1.0 1.0 -1.0 -1.0 -1.0 1.0 -1.0 -1.0 -1.0 1.0 -1.0 -1.0 -1.0 -1.0 1.0 -1.0 -1.0 1.0 1.0 1.0 1.0 1.0 ]
[1.0 1.0 1.0 1.0 1.0 1.0 -1.0 -1.0 -1.0 -1.0 1.0 -1.0 -1.0 -1.0 -1.0 1.0 1.0 1.0 1.0 -1.0 -1.0 -1.0 -1.0 -1.0 1.0 -1.0 -1.0 -1.0 -1.0 1.0 1.0 1.0 1.0 1.0 -1.0 ]

Correctly Classified: 2

Correctly Classified: 5

=========Input Data for Weight 2, 6========
[-1.0 1.0 1.0 1.0 -1.0 1.0 -1.0 -1.0 -1.0 1.0 -1.0 -1.0 -1.0 -1.0 1.0 -1.0 -1.0 -1.0 1.0 -1.0 -1.0 -1.0 1.0 -1.0 -1.0 -1.0 -1.0 1.0 -1.0 -1.0 1.0 1.0 1.0 1.0 1.0 ]
[-1.0 1.0 1.0 1.0 1.0 1.0 -1.0 -1.0 -1.0 -1.0 1.0 -1.0 -1.0 -1.0 -1.0 1.0 1.0 1.0 1.0 -1.0 1.0 -1.0 -1.0 -1.0 1.0 1.0 -1.0 -1.0 -1.0 1.0 -1.0 1.0 1.0 1.0 -1.0 ]

Correctly Classified: 2

Correctly Classified: 6

=========Input Data for Weight 2, 7========
[-1.0 1.0 1.0 1.0 -1.0 1.0 -1.0 -1.0 -1.0 1.0 -1.0 -1.0 -1.0 -1.0 1.0 -1.0 -1.0 -1.0 1.0 -1.0 -1.0 -1.0 1.0 -1.0 -1.0 -1.0 -1.0 1.0 -1.0 -1.0 1.0 1.0 1.0 1.0 1.0 ]
[1.0 1.0 1.0 1.0 1.0 -1.0 -1.0 -1.0 -1.0 1.0 -1.0 -1.0 -1.0 1.0 -1.0 -1.0 -1.0 -1.0 1.0 -1.0 -1.0 -1.0 1.0 -1.0 -1.0 -1.0 -1.0 1.0 -1.0 -1.0 -1.0 1.0 -1.0 -1.0 -1.0 ]

Correctly Classified: 2

Correctly Classified: 7

=========Input Data for Weight 2, 8========
[-1.0 1.0 1.0 1.0 -1.0 1.0 -1.0 -1.0 -1.0 1.0 -1.0 -1.0 -1.0 -1.0 1.0 -1.0 -1.0 -1.0 1.0 -1.0 -1.0 -1.0 1.0 -1.0 -1.0 -1.0 -1.0 1.0 -1.0 -1.0 1.0 1.0 1.0 1.0 1.0 ]
[-1.0 1.0 1.0 1.0 -1.0 1.0 -1.0 -1.0 -1.0 1.0 1.0 -1.0 -1.0 -1.0 1.0 -1.0 1.0 1.0 1.0 -1.0 1.0 -1.0 -1.0 -1.0 1.0 1.0 -1.0 -1.0 -1.0 1.0 -1.0 1.0 1.0 1.0 -1.0 ]

Correctly Classified: 2

Correctly Classified: 8

=========Input Data for Weight 2, 9========
[-1.0 1.0 1.0 1.0 -1.0 1.0 -1.0 -1.0 -1.0 1.0 -1.0 -1.0 -1.0 -1.0 1.0 -1.0 -1.0 -1.0 1.0 -1.0 -1.0 -1.0 1.0 -1.0 -1.0 -1.0 -1.0 1.0 -1.0 -1.0 1.0 1.0 1.0 1.0 1.0 ]
[-1.0 1.0 1.0 1.0 -1.0 1.0 -1.0 -1.0 -1.0 1.0 1.0 -1.0 -1.0 -1.0 1.0 -1.0 1.0 1.0 1.0 -1.0 -1.0 -1.0 -1.0 -1.0 1.0 -1.0 -1.0 -1.0 -1.0 1.0 1.0 1.0 1.0 1.0 -1.0 ]

Correctly Classified: 2

Correctly Classified: 9

=========Input Data for Weight 3, 4========
[-1.0 1.0 1.0 1.0 -1.0 1.0 -1.0 -1.0 -1.0 1.0 -1.0 -1.0 -1.0 -1.0 1.0 -1.0 -1.0 1.0 1.0 -1.0 -1.0 -1.0 -1.0 -1.0 1.0 1.0 -1.0 -1.0 -1.0 1.0 -1.0 1.0 1.0 1.0 -1.0 ]
[-1.0 -1.0 -1.0 -1.0 1.0 -1.0 -1.0 -1.0 1.0 1.0 -1.0 -1.0 1.0 -1.0 1.0 -1.0 1.0 -1.0 -1.0 1.0 1.0 1.0 1.0 1.0 1.0 -1.0 -1.0 -1.0 -1.0 1.0 -1.0 -1.0 -1.0 -1.0 1.0 ]

Correctly Classified: 3

Correctly Classified: 4

=========Input Data for Weight 3, 5========
[-1.0 1.0 1.0 1.0 -1.0 1.0 -1.0 -1.0 -1.0 1.0 -1.0 -1.0 -1.0 -1.0 1.0 -1.0 -1.0 1.0 1.0 -1.0 -1.0 -1.0 -1.0 -1.0 1.0 1.0 -1.0 -1.0 -1.0 1.0 -1.0 1.0 1.0 1.0 -1.0 ]
[1.0 1.0 1.0 1.0 1.0 1.0 -1.0 -1.0 -1.0 -1.0 1.0 -1.0 -1.0 -1.0 -1.0 1.0 1.0 1.0 1.0 -1.0 -1.0 -1.0 -1.0 -1.0 1.0 -1.0 -1.0 -1.0 -1.0 1.0 1.0 1.0 1.0 1.0 -1.0 ]

Correctly Classified: 3

Correctly Classified: 5

=========Input Data for Weight 3, 6========
[-1.0 1.0 1.0 1.0 -1.0 1.0 -1.0 -1.0 -1.0 1.0 -1.0 -1.0 -1.0 -1.0 1.0 -1.0 -1.0 1.0 1.0 -1.0 -1.0 -1.0 -1.0 -1.0 1.0 1.0 -1.0 -1.0 -1.0 1.0 -1.0 1.0 1.0 1.0 -1.0 ]
[-1.0 1.0 1.0 1.0 1.0 1.0 -1.0 -1.0 -1.0 -1.0 1.0 -1.0 -1.0 -1.0 -1.0 1.0 1.0 1.0 1.0 -1.0 1.0 -1.0 -1.0 -1.0 1.0 1.0 -1.0 -1.0 -1.0 1.0 -1.0 1.0 1.0 1.0 -1.0 ]

Correctly Classified: 3

Correctly Classified: 6

=========Input Data for Weight 3, 7========
[-1.0 1.0 1.0 1.0 -1.0 1.0 -1.0 -1.0 -1.0 1.0 -1.0 -1.0 -1.0 -1.0 1.0 -1.0 -1.0 1.0 1.0 -1.0 -1.0 -1.0 -1.0 -1.0 1.0 1.0 -1.0 -1.0 -1.0 1.0 -1.0 1.0 1.0 1.0 -1.0 ]
[1.0 1.0 1.0 1.0 1.0 -1.0 -1.0 -1.0 -1.0 1.0 -1.0 -1.0 -1.0 1.0 -1.0 -1.0 -1.0 -1.0 1.0 -1.0 -1.0 -1.0 1.0 -1.0 -1.0 -1.0 -1.0 1.0 -1.0 -1.0 -1.0 1.0 -1.0 -1.0 -1.0 ]

Correctly Classified: 3

Correctly Classified: 7

=========Input Data for Weight 3, 8========
[-1.0 1.0 1.0 1.0 -1.0 1.0 -1.0 -1.0 -1.0 1.0 -1.0 -1.0 -1.0 -1.0 1.0 -1.0 -1.0 1.0 1.0 -1.0 -1.0 -1.0 -1.0 -1.0 1.0 1.0 -1.0 -1.0 -1.0 1.0 -1.0 1.0 1.0 1.0 -1.0 ]
[-1.0 1.0 1.0 1.0 -1.0 1.0 -1.0 -1.0 -1.0 1.0 1.0 -1.0 -1.0 -1.0 1.0 -1.0 1.0 1.0 1.0 -1.0 1.0 -1.0 -1.0 -1.0 1.0 1.0 -1.0 -1.0 -1.0 1.0 -1.0 1.0 1.0 1.0 -1.0 ]

Correctly Classified: 3

Correctly Classified: 8

=========Input Data for Weight 3, 9========
[-1.0 1.0 1.0 1.0 -1.0 1.0 -1.0 -1.0 -1.0 1.0 -1.0 -1.0 -1.0 -1.0 1.0 -1.0 -1.0 1.0 1.0 -1.0 -1.0 -1.0 -1.0 -1.0 1.0 1.0 -1.0 -1.0 -1.0 1.0 -1.0 1.0 1.0 1.0 -1.0 ]
[-1.0 1.0 1.0 1.0 -1.0 1.0 -1.0 -1.0 -1.0 1.0 1.0 -1.0 -1.0 -1.0 1.0 -1.0 1.0 1.0 1.0 -1.0 -1.0 -1.0 -1.0 -1.0 1.0 -1.0 -1.0 -1.0 -1.0 1.0 1.0 1.0 1.0 1.0 -1.0 ]

Correctly Classified: 3

Correctly Classified: 9

=========Input Data for Weight 4, 5========
[-1.0 -1.0 -1.0 -1.0 1.0 -1.0 -1.0 -1.0 1.0 1.0 -1.0 -1.0 1.0 -1.0 1.0 -1.0 1.0 -1.0 -1.0 1.0 1.0 1.0 1.0 1.0 1.0 -1.0 -1.0 -1.0 -1.0 1.0 -1.0 -1.0 -1.0 -1.0 1.0 ]
[1.0 1.0 1.0 1.0 1.0 1.0 -1.0 -1.0 -1.0 -1.0 1.0 -1.0 -1.0 -1.0 -1.0 1.0 1.0 1.0 1.0 -1.0 -1.0 -1.0 -1.0 -1.0 1.0 -1.0 -1.0 -1.0 -1.0 1.0 1.0 1.0 1.0 1.0 -1.0 ]

Correctly Classified: 4

Correctly Classified: 5

=========Input Data for Weight 4, 6========
[-1.0 -1.0 -1.0 -1.0 1.0 -1.0 -1.0 -1.0 1.0 1.0 -1.0 -1.0 1.0 -1.0 1.0 -1.0 1.0 -1.0 -1.0 1.0 1.0 1.0 1.0 1.0 1.0 -1.0 -1.0 -1.0 -1.0 1.0 -1.0 -1.0 -1.0 -1.0 1.0 ]
[-1.0 1.0 1.0 1.0 1.0 1.0 -1.0 -1.0 -1.0 -1.0 1.0 -1.0 -1.0 -1.0 -1.0 1.0 1.0 1.0 1.0 -1.0 1.0 -1.0 -1.0 -1.0 1.0 1.0 -1.0 -1.0 -1.0 1.0 -1.0 1.0 1.0 1.0 -1.0 ]

Correctly Classified: 4

Correctly Classified: 6

=========Input Data for Weight 4, 7========
[-1.0 -1.0 -1.0 -1.0 1.0 -1.0 -1.0 -1.0 1.0 1.0 -1.0 -1.0 1.0 -1.0 1.0 -1.0 1.0 -1.0 -1.0 1.0 1.0 1.0 1.0 1.0 1.0 -1.0 -1.0 -1.0 -1.0 1.0 -1.0 -1.0 -1.0 -1.0 1.0 ]
[1.0 1.0 1.0 1.0 1.0 -1.0 -1.0 -1.0 -1.0 1.0 -1.0 -1.0 -1.0 1.0 -1.0 -1.0 -1.0 -1.0 1.0 -1.0 -1.0 -1.0 1.0 -1.0 -1.0 -1.0 -1.0 1.0 -1.0 -1.0 -1.0 1.0 -1.0 -1.0 -1.0 ]

Correctly Classified: 4

Correctly Classified: 7

=========Input Data for Weight 4, 8========
[-1.0 -1.0 -1.0 -1.0 1.0 -1.0 -1.0 -1.0 1.0 1.0 -1.0 -1.0 1.0 -1.0 1.0 -1.0 1.0 -1.0 -1.0 1.0 1.0 1.0 1.0 1.0 1.0 -1.0 -1.0 -1.0 -1.0 1.0 -1.0 -1.0 -1.0 -1.0 1.0 ]
[-1.0 1.0 1.0 1.0 -1.0 1.0 -1.0 -1.0 -1.0 1.0 1.0 -1.0 -1.0 -1.0 1.0 -1.0 1.0 1.0 1.0 -1.0 1.0 -1.0 -1.0 -1.0 1.0 1.0 -1.0 -1.0 -1.0 1.0 -1.0 1.0 1.0 1.0 -1.0 ]

Correctly Classified: 4

Correctly Classified: 8

=========Input Data for Weight 4, 9========
[-1.0 -1.0 -1.0 -1.0 1.0 -1.0 -1.0 -1.0 1.0 1.0 -1.0 -1.0 1.0 -1.0 1.0 -1.0 1.0 -1.0 -1.0 1.0 1.0 1.0 1.0 1.0 1.0 -1.0 -1.0 -1.0 -1.0 1.0 -1.0 -1.0 -1.0 -1.0 1.0 ]
[-1.0 1.0 1.0 1.0 -1.0 1.0 -1.0 -1.0 -1.0 1.0 1.0 -1.0 -1.0 -1.0 1.0 -1.0 1.0 1.0 1.0 -1.0 -1.0 -1.0 -1.0 -1.0 1.0 -1.0 -1.0 -1.0 -1.0 1.0 1.0 1.0 1.0 1.0 -1.0 ]

Correctly Classified: 4

Correctly Classified: 9

=========Input Data for Weight 5, 6========
[1.0 1.0 1.0 1.0 1.0 1.0 -1.0 -1.0 -1.0 -1.0 1.0 -1.0 -1.0 -1.0 -1.0 1.0 1.0 1.0 1.0 -1.0 -1.0 -1.0 -1.0 -1.0 1.0 -1.0 -1.0 -1.0 -1.0 1.0 1.0 1.0 1.0 1.0 -1.0 ]
[-1.0 1.0 1.0 1.0 1.0 1.0 -1.0 -1.0 -1.0 -1.0 1.0 -1.0 -1.0 -1.0 -1.0 1.0 1.0 1.0 1.0 -1.0 1.0 -1.0 -1.0 -1.0 1.0 1.0 -1.0 -1.0 -1.0 1.0 -1.0 1.0 1.0 1.0 -1.0 ]

Correctly Classified: 5

Correctly Classified: 6

=========Input Data for Weight 5, 7========
[1.0 1.0 1.0 1.0 1.0 1.0 -1.0 -1.0 -1.0 -1.0 1.0 -1.0 -1.0 -1.0 -1.0 1.0 1.0 1.0 1.0 -1.0 -1.0 -1.0 -1.0 -1.0 1.0 -1.0 -1.0 -1.0 -1.0 1.0 1.0 1.0 1.0 1.0 -1.0 ]
[1.0 1.0 1.0 1.0 1.0 -1.0 -1.0 -1.0 -1.0 1.0 -1.0 -1.0 -1.0 1.0 -1.0 -1.0 -1.0 -1.0 1.0 -1.0 -1.0 -1.0 1.0 -1.0 -1.0 -1.0 -1.0 1.0 -1.0 -1.0 -1.0 1.0 -1.0 -1.0 -1.0 ]

Correctly Classified: 5

Correctly Classified: 7

=========Input Data for Weight 5, 8========
[1.0 1.0 1.0 1.0 1.0 1.0 -1.0 -1.0 -1.0 -1.0 1.0 -1.0 -1.0 -1.0 -1.0 1.0 1.0 1.0 1.0 -1.0 -1.0 -1.0 -1.0 -1.0 1.0 -1.0 -1.0 -1.0 -1.0 1.0 1.0 1.0 1.0 1.0 -1.0 ]
[-1.0 1.0 1.0 1.0 -1.0 1.0 -1.0 -1.0 -1.0 1.0 1.0 -1.0 -1.0 -1.0 1.0 -1.0 1.0 1.0 1.0 -1.0 1.0 -1.0 -1.0 -1.0 1.0 1.0 -1.0 -1.0 -1.0 1.0 -1.0 1.0 1.0 1.0 -1.0 ]

Correctly Classified: 5

Correctly Classified: 8

=========Input Data for Weight 5, 9========
[1.0 1.0 1.0 1.0 1.0 1.0 -1.0 -1.0 -1.0 -1.0 1.0 -1.0 -1.0 -1.0 -1.0 1.0 1.0 1.0 1.0 -1.0 -1.0 -1.0 -1.0 -1.0 1.0 -1.0 -1.0 -1.0 -1.0 1.0 1.0 1.0 1.0 1.0 -1.0 ]
[-1.0 1.0 1.0 1.0 -1.0 1.0 -1.0 -1.0 -1.0 1.0 1.0 -1.0 -1.0 -1.0 1.0 -1.0 1.0 1.0 1.0 -1.0 -1.0 -1.0 -1.0 -1.0 1.0 -1.0 -1.0 -1.0 -1.0 1.0 1.0 1.0 1.0 1.0 -1.0 ]

Correctly Classified: 5

Correctly Classified: 9

=========Input Data for Weight 6, 7========
[-1.0 1.0 1.0 1.0 1.0 1.0 -1.0 -1.0 -1.0 -1.0 1.0 -1.0 -1.0 -1.0 -1.0 1.0 1.0 1.0 1.0 -1.0 1.0 -1.0 -1.0 -1.0 1.0 1.0 -1.0 -1.0 -1.0 1.0 -1.0 1.0 1.0 1.0 -1.0 ]
[1.0 1.0 1.0 1.0 1.0 -1.0 -1.0 -1.0 -1.0 1.0 -1.0 -1.0 -1.0 1.0 -1.0 -1.0 -1.0 -1.0 1.0 -1.0 -1.0 -1.0 1.0 -1.0 -1.0 -1.0 -1.0 1.0 -1.0 -1.0 -1.0 1.0 -1.0 -1.0 -1.0 ]

Correctly Classified: 6

Correctly Classified: 7

=========Input Data for Weight 6, 8========
[-1.0 1.0 1.0 1.0 1.0 1.0 -1.0 -1.0 -1.0 -1.0 1.0 -1.0 -1.0 -1.0 -1.0 1.0 1.0 1.0 1.0 -1.0 1.0 -1.0 -1.0 -1.0 1.0 1.0 -1.0 -1.0 -1.0 1.0 -1.0 1.0 1.0 1.0 -1.0 ]
[-1.0 1.0 1.0 1.0 -1.0 1.0 -1.0 -1.0 -1.0 1.0 1.0 -1.0 -1.0 -1.0 1.0 -1.0 1.0 1.0 1.0 -1.0 1.0 -1.0 -1.0 -1.0 1.0 1.0 -1.0 -1.0 -1.0 1.0 -1.0 1.0 1.0 1.0 -1.0 ]

Correctly Classified: 6

Correctly Classified: 8

=========Input Data for Weight 6, 9========
[-1.0 1.0 1.0 1.0 1.0 1.0 -1.0 -1.0 -1.0 -1.0 1.0 -1.0 -1.0 -1.0 -1.0 1.0 1.0 1.0 1.0 -1.0 1.0 -1.0 -1.0 -1.0 1.0 1.0 -1.0 -1.0 -1.0 1.0 -1.0 1.0 1.0 1.0 -1.0 ]
[-1.0 1.0 1.0 1.0 -1.0 1.0 -1.0 -1.0 -1.0 1.0 1.0 -1.0 -1.0 -1.0 1.0 -1.0 1.0 1.0 1.0 -1.0 -1.0 -1.0 -1.0 -1.0 1.0 -1.0 -1.0 -1.0 -1.0 1.0 1.0 1.0 1.0 1.0 -1.0 ]

Correctly Classified: 6

Correctly Classified: 9

=========Input Data for Weight 7, 8========
[1.0 1.0 1.0 1.0 1.0 -1.0 -1.0 -1.0 -1.0 1.0 -1.0 -1.0 -1.0 1.0 -1.0 -1.0 -1.0 -1.0 1.0 -1.0 -1.0 -1.0 1.0 -1.0 -1.0 -1.0 -1.0 1.0 -1.0 -1.0 -1.0 1.0 -1.0 -1.0 -1.0 ]
[-1.0 1.0 1.0 1.0 -1.0 1.0 -1.0 -1.0 -1.0 1.0 1.0 -1.0 -1.0 -1.0 1.0 -1.0 1.0 1.0 1.0 -1.0 1.0 -1.0 -1.0 -1.0 1.0 1.0 -1.0 -1.0 -1.0 1.0 -1.0 1.0 1.0 1.0 -1.0 ]

Correctly Classified: 7

Correctly Classified: 8

=========Input Data for Weight 7, 9========
[1.0 1.0 1.0 1.0 1.0 -1.0 -1.0 -1.0 -1.0 1.0 -1.0 -1.0 -1.0 1.0 -1.0 -1.0 -1.0 -1.0 1.0 -1.0 -1.0 -1.0 1.0 -1.0 -1.0 -1.0 -1.0 1.0 -1.0 -1.0 -1.0 1.0 -1.0 -1.0 -1.0 ]
[-1.0 1.0 1.0 1.0 -1.0 1.0 -1.0 -1.0 -1.0 1.0 1.0 -1.0 -1.0 -1.0 1.0 -1.0 1.0 1.0 1.0 -1.0 -1.0 -1.0 -1.0 -1.0 1.0 -1.0 -1.0 -1.0 -1.0 1.0 1.0 1.0 1.0 1.0 -1.0 ]

Correctly Classified: 7

Correctly Classified: 9

=========Input Data for Weight 8, 9========
[-1.0 1.0 1.0 1.0 -1.0 1.0 -1.0 -1.0 -1.0 1.0 1.0 -1.0 -1.0 -1.0 1.0 -1.0 1.0 1.0 1.0 -1.0 1.0 -1.0 -1.0 -1.0 1.0 1.0 -1.0 -1.0 -1.0 1.0 -1.0 1.0 1.0 1.0 -1.0 ]
[-1.0 1.0 1.0 1.0 -1.0 1.0 -1.0 -1.0 -1.0 1.0 1.0 -1.0 -1.0 -1.0 1.0 -1.0 1.0 1.0 1.0 -1.0 -1.0 -1.0 -1.0 -1.0 1.0 -1.0 -1.0 -1.0 -1.0 1.0 1.0 1.0 1.0 1.0 -1.0 ]

Correctly Classified: 8

Correctly Classified: 9
